0 0.304063 0.413299 0.020938 0.019597
0 0.274336 0.598681 0.043203 0.072083
0 0.454688 0.587201 0.055469 0.070347
0 0.384988 0.626479 0.057680 0.094069
0 0.432461 0.938500 0.138047 0.123000
0 0.819684 0.928389 0.153539 0.143222
0 0.257645 0.552778 0.039086 0.059083
0 0.455242 0.521132 0.047828 0.058069
0 0.346309 0.489396 0.043164 0.059653
0 0.847160 0.562396 0.067602 0.079153
0 0.778023 0.561993 0.084266 0.095264
0 0.584180 0.523118 0.048047 0.045514
0 0.482184 0.471910 0.040008 0.029542
0 0.475547 0.437083 0.043594 0.028611
0 0.264898 0.480812 0.037547 0.044486
0 0.775609 0.422118 0.046328 0.041764
0 0.406277 0.437326 0.030742 0.023986
0 0.373773 0.443326 0.032391 0.026653
0 0.249160 0.397278 0.024805 0.018000
0 0.211359 0.399694 0.026219 0.019917
0 0.179176 0.388681 0.027117 0.021694
0 0.528711 0.726479 0.068359 0.103097
0 0.718422 0.604090 0.064609 0.080347
0 0.575605 0.480167 0.052039 0.051056
0 0.613719 0.476444 0.036594 0.034639
