0 0.894816 0.460250 0.065992 0.064389
0 0.912617 0.600486 0.084922 0.060972
0 0.331543 0.486021 0.038008 0.046042
0 0.920273 0.549972 0.071906 0.051139
0 0.508844 0.566375 0.054641 0.063167
0 0.301063 0.596229 0.042797 0.074347
0 0.544289 0.733528 0.073797 0.110306
0 0.431543 0.571313 0.032617 0.064681
0 0.432168 0.513986 0.048430 0.059778
0 0.372199 0.480306 0.036883 0.037028
0 0.399582 0.416382 0.039617 0.031125
0 0.261590 0.483792 0.035367 0.040806
0 0.261676 0.455590 0.034523 0.034153
0 0.289477 0.440021 0.037406 0.042319
0 0.259492 0.409979 0.031594 0.029681
0 0.269598 0.399097 0.024102 0.017028
0 0.211688 0.402500 0.021516 0.021472
0 0.194562 0.390986 0.025250 0.025361
0 0.322051 0.417250 0.041477 0.034167
0 0.251699 0.551090 0.041086 0.049458
0 0.292254 0.506646 0.039008 0.062097
0 0.328020 0.541375 0.038570 0.062972
0 0.735344 0.802125 0.114469 0.177611
0 0.390621 0.634236 0.088680 0.190500
0 0.294996 0.776944 0.075945 0.139722
0 0.737816 0.498542 0.051711 0.057083
0 0.747910 0.577972 0.069336 0.064361
