0 0.333594 0.428764 0.028281 0.023639
0 0.861938 0.701660 0.105125 0.089736
0 0.276363 0.841604 0.080852 0.131542
0 0.433523 0.900979 0.105984 0.196042
0 0.296320 0.468347 0.042031 0.038389
0 0.344914 0.495090 0.041266 0.039764
0 0.342109 0.412292 0.024469 0.015417
0 0.187543 0.398090 0.022758 0.023292
0 0.231832 0.399500 0.020305 0.017917
0 0.252793 0.406799 0.027367 0.023819
0 0.567629 0.449104 0.041305 0.028458
0 0.561949 0.490868 0.044398 0.038542
0 0.598090 0.642576 0.067633 0.087653
0 0.633324 0.561507 0.050242 0.050625
0 0.308359 0.528333 0.042031 0.065833
0 0.238590 0.521167 0.038133 0.063167
0 0.381453 0.626806 0.049437 0.072778
0 0.423008 0.421687 0.035547 0.034153
0 0.830715 0.612056 0.071617 0.062139
0 0.985582 0.636264 0.028383 0.087583
0 0.507133 0.464465 0.040359 0.037986
0 0.853082 0.942514 0.107055 0.108250
0 0.663828 0.521965 0.052344 0.044931
