0 0.443691 0.464521 0.036711 0.038292
0 0.471617 0.426590 0.042781 0.040153
0 0.390973 0.444146 0.032320 0.028819
0 0.381141 0.426944 0.030016 0.027889
0 0.372930 0.413778 0.032844 0.025472
0 0.313367 0.417688 0.026672 0.026958
0 0.262953 0.412569 0.025625 0.025278
0 0.233723 0.403181 0.031164 0.027694
0 0.187977 0.397361 0.020391 0.016111
0 0.171219 0.393264 0.013594 0.014028
0 0.979398 0.580125 0.041125 0.071694
0 0.929129 0.608486 0.083602 0.075306
0 0.522504 0.693181 0.066523 0.116250
0 0.682719 0.721694 0.086203 0.128083
0 0.811191 0.676153 0.085023 0.082917
0 0.675949 0.580743 0.060289 0.066819
0 0.663141 0.475694 0.043781 0.037500
0 0.846301 0.962729 0.058961 0.074264
0 0.284203 0.782111 0.081437 0.169556
0 0.931477 0.691611 0.085641 0.076556
0 0.445586 0.573403 0.050391 0.065833
0 0.607891 0.476597 0.048906 0.055139
0 0.588867 0.531910 0.047734 0.053125
0 0.397148 0.657521 0.072266 0.137236
0 0.676797 0.962424 0.107500 0.075153
0 0.546574 0.584535 0.070258 0.100653
0 0.286672 0.631972 0.045844 0.072278
0 0.275086 0.591361 0.040500 0.059611
0 0.330000 0.546132 0.042813 0.060042
0 0.341848 0.493854 0.041383 0.049264
0 0.345664 0.467076 0.036891 0.034847
0 0.236461 0.522403 0.033438 0.048472
0 0.201879 0.476868 0.029367 0.052069
0 0.239609 0.467507 0.033594 0.036375
0 0.262383 0.449458 0.038203 0.035556
0 0.212113 0.438625 0.036242 0.035361
0 0.499176 0.483590 0.046648 0.048931
0 0.536043 0.437278 0.037133 0.029556
