0 0.324055 0.529875 0.045922 0.069583
0 0.244648 0.472222 0.035234 0.045556
0 0.262078 0.545556 0.041078 0.058056
0 0.555629 0.460847 0.035242 0.038972
0 0.383875 0.485236 0.042328 0.044694
0 0.314590 0.480278 0.037617 0.034444
0 0.484402 0.457701 0.037086 0.025153
0 0.502848 0.649896 0.069930 0.107847
0 0.200406 0.394326 0.024484 0.020486
0 0.621500 0.458333 0.045172 0.036250
0 0.281562 0.653201 0.056875 0.098903
0 0.390652 0.429840 0.033023 0.020986
0 0.460000 0.471528 0.038281 0.035000
0 0.614480 0.504479 0.048977 0.045597
0 0.631055 0.479208 0.045172 0.043139
0 0.241430 0.936583 0.084656 0.126833
0 0.436027 0.945764 0.119914 0.106889
0 0.558477 0.776972 0.076953 0.121167
0 0.322836 0.420014 0.030203 0.022944
0 0.303609 0.403542 0.026359 0.017917
0 0.270910 0.406618 0.026930 0.020486
0 0.216535 0.392278 0.007492 0.016389
0 0.347539 0.438153 0.029922 0.019639
0 0.824852 0.553174 0.070922 0.071042
0 0.764699 0.602361 0.066383 0.075500
0 0.837187 0.691181 0.083594 0.085417
