0 0.965617 0.707667 0.064375 0.065278
0 0.686523 0.742688 0.090188 0.116347
0 0.275813 0.707993 0.062688 0.101264
0 0.608117 0.889674 0.110719 0.182292
0 0.768801 0.568944 0.067367 0.067306
0 0.814422 0.519597 0.059906 0.057917
0 0.462691 0.950813 0.114289 0.097819
0 0.271352 0.832722 0.079328 0.161889
0 0.307125 0.471194 0.037391 0.035667
0 0.274512 0.489618 0.034852 0.038931
0 0.238996 0.534792 0.033273 0.047111
0 0.377902 0.613708 0.054664 0.085583
0 0.478848 0.613708 0.062242 0.084833
0 0.772969 0.655118 0.074531 0.086069
0 0.759687 0.403368 0.034531 0.038542
0 0.498613 0.481389 0.040195 0.038750
0 0.324895 0.424583 0.031930 0.024167
0 0.555344 0.465000 0.051813 0.046111
0 0.191766 0.398896 0.018516 0.016125
0 0.237344 0.408681 0.025937 0.020222
0 0.263891 0.409868 0.027469 0.019569
0 0.317461 0.407139 0.022750 0.017000
0 0.396988 0.447104 0.032117 0.027542
0 0.426527 0.438528 0.038961 0.030333
0 0.593375 0.459979 0.040484 0.041986
0 0.635234 0.559069 0.056406 0.055194
