0 0.571773 0.522576 0.047297 0.043208
0 0.803387 0.509236 0.068852 0.052361
0 0.650586 0.441118 0.122734 0.088069
0 0.258871 0.548958 0.041852 0.071250
0 0.962602 0.606257 0.074484 0.074431
0 0.708586 0.551840 0.058453 0.062014
0 0.821996 0.556514 0.068773 0.060806
0 0.424180 0.562688 0.048516 0.072681
0 0.301055 0.651910 0.051656 0.096736
0 0.777133 0.655236 0.081984 0.071583
0 0.627797 0.870236 0.118156 0.171361
0 0.473301 0.972083 0.108445 0.055833
0 0.254676 0.947285 0.112867 0.105431
0 0.372238 0.512660 0.044742 0.049181
0 0.275395 0.489931 0.038555 0.048389
0 0.322613 0.480424 0.043258 0.036292
0 0.507277 0.428847 0.101961 0.086639
0 0.387781 0.427132 0.032813 0.031986
0 0.341230 0.433000 0.030820 0.026361
0 0.359086 0.414681 0.030375 0.028278
0 0.296848 0.421750 0.032086 0.022167
0 0.282797 0.403917 0.027672 0.026028
0 0.248082 0.402625 0.028570 0.022167
0 0.211773 0.396083 0.034609 0.022361
0 0.565293 0.478840 0.051898 0.052153
0 0.682031 0.497563 0.052500 0.052875
0 0.332496 0.537625 0.043039 0.061083
