0 0.264727 0.415104 0.024266 0.012847
0 0.251164 0.403167 0.030172 0.024778
0 0.222910 0.406604 0.025820 0.019736
0 0.174898 0.375639 0.062984 0.065167
0 0.543414 0.582764 0.055672 0.080889
0 0.736105 0.518403 0.052773 0.050639
0 0.623305 0.679708 0.078016 0.101861
0 0.990824 0.642319 0.018023 0.057972
0 0.700043 0.537701 0.057023 0.058625
0 0.476270 0.632667 0.059898 0.081889
0 0.328086 0.539583 0.040234 0.064167
0 0.290895 0.502778 0.036805 0.047778
0 0.230125 0.470417 0.031937 0.031667
0 0.462465 0.522944 0.052430 0.065833
0 0.378465 0.513833 0.043727 0.058722
0 0.385383 0.485861 0.039266 0.042444
0 0.324699 0.447382 0.039711 0.044819
0 0.273945 0.464285 0.035078 0.034208
0 0.269816 0.435882 0.033023 0.022597
0 0.238469 0.442424 0.036359 0.027764
0 0.284531 0.627458 0.061406 0.107306
0 0.616027 0.497188 0.051570 0.059653
0 0.840129 0.615944 0.077602 0.069472
0 0.778332 0.647910 0.087617 0.107208
0 0.262273 0.901354 0.121719 0.197292
0 0.550770 0.472118 0.048148 0.055625
0 0.438078 0.584069 0.048578 0.066583
0 0.661984 0.471931 0.046781 0.036972
0 0.559781 0.452271 0.035625 0.036708
0 0.515895 0.435063 0.043367 0.034431
0 0.464270 0.452271 0.033039 0.034875
0 0.409156 0.448146 0.028141 0.031208
0 0.368895 0.440340 0.022992 0.025708
0 0.341266 0.420382 0.026078 0.020653
0 0.298285 0.404507 0.026852 0.017375
