0 0.703902 0.503556 0.056852 0.056694
0 0.495402 0.628722 0.061070 0.102194
0 0.657668 0.699174 0.089086 0.113542
0 0.400473 0.675562 0.058898 0.110264
0 0.872992 0.932361 0.147141 0.135278
0 0.663145 0.966236 0.110758 0.067528
0 0.223371 0.921132 0.138102 0.157736
0 0.531230 0.585125 0.052664 0.065167
0 0.597602 0.826569 0.094047 0.139778
0 0.765219 0.642278 0.075500 0.085111
0 0.920125 0.654424 0.100234 0.108375
0 0.626914 0.512403 0.052266 0.051306
0 0.647527 0.566903 0.058023 0.051306
0 0.466633 0.446944 0.038922 0.038333
0 0.308359 0.520576 0.038281 0.056069
0 0.541563 0.500729 0.046563 0.052847
0 0.443539 0.503181 0.049437 0.067250
0 0.418672 0.434792 0.037344 0.036250
0 0.369961 0.589306 0.047578 0.068056
0 0.349141 0.403931 0.028125 0.018806
0 0.374930 0.520715 0.042594 0.050514
0 0.971227 0.832271 0.057547 0.113792
0 0.332684 0.485931 0.040727 0.045722
0 0.380199 0.478042 0.038836 0.037472
0 0.256758 0.480069 0.035859 0.045972
0 0.248750 0.448826 0.035016 0.036153
0 0.201609 0.449236 0.019922 0.036111
0 0.543141 0.459521 0.047328 0.039319
0 0.466066 0.421576 0.034586 0.027597
0 0.407047 0.416833 0.027719 0.033611
0 0.345578 0.421681 0.030531 0.024389
0 0.297066 0.417951 0.030945 0.022903
0 0.260527 0.413833 0.021148 0.020250
0 0.238426 0.402424 0.018352 0.016069
0 0.217273 0.405313 0.021969 0.016069
0 0.189074 0.393417 0.014555 0.014472
0 0.173520 0.398500 0.013273 0.012722
