0 0.196242 0.438701 0.018500 0.026069
0 0.866848 0.720812 0.096039 0.097514
0 0.651387 0.524750 0.051523 0.047833
0 0.621664 0.551944 0.054328 0.052778
0 0.776797 0.543278 0.045938 0.044611
0 0.743434 0.562417 0.059680 0.054778
0 0.733398 0.623889 0.068516 0.073611
0 0.560340 0.514806 0.045367 0.046833
0 0.222238 0.425528 0.032836 0.031722
0 0.662813 0.493722 0.047344 0.037333
0 0.505820 0.446597 0.118516 0.130139
0 0.436977 0.444486 0.029172 0.029639
0 0.347973 0.431299 0.033852 0.030264
0 0.362246 0.423694 0.018133 0.017361
0 0.216461 0.403028 0.031953 0.027722
0 0.287500 0.503972 0.037656 0.045944
0 0.394500 0.691528 0.062594 0.093444
0 0.206645 0.485833 0.029055 0.055833
0 0.266625 0.541042 0.038781 0.060972
0 0.502387 0.556576 0.049195 0.061569
0 0.242109 0.468681 0.036875 0.050694
0 0.453992 0.960139 0.117047 0.079167
0 0.428754 0.503194 0.042836 0.049972
0 0.368070 0.512514 0.047297 0.054333
