0 0.384477 0.430618 0.017500 0.021875
0 0.722699 0.548438 0.064523 0.070153
0 0.532348 0.674667 0.070008 0.105194
0 0.491508 0.462472 0.038531 0.040222
0 0.447813 0.457743 0.046500 0.048264
0 0.342871 0.543014 0.040086 0.067778
0 0.594277 0.529368 0.047227 0.059292
0 0.838254 0.618604 0.090211 0.080875
0 0.500402 0.556868 0.064086 0.073042
0 0.626020 0.504667 0.052102 0.042944
0 0.440055 0.582514 0.050984 0.068583
0 0.352461 0.470069 0.044609 0.069583
0 0.289805 0.594097 0.081016 0.168750
0 0.971313 0.717951 0.056719 0.099903
0 0.836902 0.561910 0.080133 0.060903
0 0.516437 0.441806 0.047031 0.043361
0 0.431512 0.425292 0.031070 0.030972
0 0.364387 0.438250 0.036617 0.030806
0 0.325832 0.421111 0.029805 0.025917
0 0.285250 0.405562 0.025109 0.024181
0 0.198809 0.401347 0.025289 0.023444
0 0.216535 0.399951 0.010648 0.019792
0 0.175637 0.394035 0.019602 0.015708
0 0.244539 0.435354 0.038172 0.032764
0 0.254625 0.459062 0.031016 0.027764
0 0.249648 0.520056 0.045000 0.076917
