0 0.230336 0.453958 0.039688 0.037083
0 0.409402 0.673819 0.059086 0.108472
0 0.312184 0.423611 0.026414 0.027778
0 0.576094 0.484444 0.048906 0.051111
0 0.249453 0.915069 0.099375 0.165139
0 0.361484 0.436431 0.034063 0.030083
0 0.979672 0.592424 0.040656 0.130069
0 0.595410 0.466708 0.036539 0.043806
0 0.444023 0.461889 0.038203 0.034889
0 0.877773 0.645674 0.082687 0.071264
0 0.774734 0.870417 0.118641 0.148306
0 0.456187 0.604014 0.051344 0.077194
0 0.715336 0.513646 0.055375 0.059792
0 0.700340 0.598917 0.066695 0.071306
0 0.850840 0.694007 0.089523 0.083181
0 0.264449 0.487194 0.036883 0.041306
0 0.236566 0.520514 0.035523 0.053667
0 0.494922 0.553611 0.053344 0.057250
0 0.458367 0.447924 0.029938 0.037708
0 0.484949 0.434132 0.037742 0.041792
0 0.370582 0.410938 0.033039 0.031736
0 0.309070 0.405743 0.029859 0.027764
0 0.264074 0.397437 0.021461 0.018319
0 0.240531 0.407493 0.032625 0.025847
0 0.210094 0.404146 0.019453 0.019153
0 0.422406 0.544972 0.055281 0.062222
0 0.222020 0.390014 0.031383 0.029556
0 0.175477 0.396111 0.017891 0.014583
0 0.266133 0.586389 0.045234 0.072500
0 0.522145 0.660556 0.072586 0.117222
0 0.338543 0.546042 0.047133 0.059306
0 0.283926 0.687153 0.062383 0.117361
